28.0 5184.0 5184.0
83.0 1085.0 1085.0
106.0 9040.0 9040.0
140.0 3694.0 3694.0
142.0 5100.0 5100.0
159.0 -1833.0 1833.0
271.0 -268.0 268.0
503.0 1221.0 1221.0
538.0 -1476.0 1476.0
559.0 2241.0 2241.0
585.0 4182.0 4182.0
621.0 8085.0 8085.0
635.0 -1643.0 1643.0
702.0 4364.0 4364.0
836.0 9374.0 9374.0
839.0 -5858.0 5858.0
862.0 6424.0 6424.0
953.0 308.0 308.0
1012.0 1672.0 1672.0
1017.0 -4932.0 4932.0
1056.0 -2890.0 2890.0
1068.0 -1991.0 1991.0
1151.0 -8423.0 8423.0
1245.0 -2764.0 2764.0
1416.0 3452.0 3452.0
1497.0 2785.0 2785.0
1710.0 -2389.0 2389.0
1731.0 8154.0 8154.0
1928.0 5423.0 5423.0
2327.0 2042.0 2042.0
2363.0 -7721.0 7721.0
2510.0 -1003.0 1003.0
2525.0 1264.0 1264.0
2525.0 8483.0 8483.0
2570.0 -905.0 905.0
2588.0 -4710.0 4710.0
2619.0 -3971.0 3971.0
2630.0 274.0 274.0
2726.0 -5411.0 5411.0
2816.0 -1690.0 1690.0
2848.0 -4675.0 4675.0
2862.0 -396.0 396.0
2935.0 -481.0 481.0
2993.0 7384.0 7384.0
3165.0 -5431.0 5431.0
3245.0 5508.0 5508.0
3281.0 -6827.0 6827.0
3396.0 6697.0 6697.0
3537.0 -5623.0 5623.0
3588.0 -2481.0 2481.0
3608.0 -6172.0 6172.0
3789.0 361.0 361.0
3888.0 308.0 308.0
3902.0 153.0 153.0
3977.0 -8132.0 8132.0
4016.0 -5137.0 5137.0
4031.0 2052.0 2052.0
4270.0 -9170.0 9170.0
4313.0 -4355.0 4355.0
4365.0 -1874.0 1874.0
4380.0 1913.0 1913.0
4488.0 6282.0 6282.0
4625.0 2011.0 2011.0
4723.0 -3490.0 3490.0
4734.0 53.0 53.0
4804.0 6385.0 6385.0
4854.0 4272.0 4272.0
5005.0 -1047.0 1047.0
5097.0 6512.0 6512.0
5220.0 4615.0 4615.0
5350.0 -5006.0 5006.0
5547.0 -1577.0 1577.0
5589.0 -2722.0 2722.0
5629.0 -1224.0 1224.0
5631.0 6738.0 6738.0
5750.0 -489.0 489.0
5787.0 -1490.0 1490.0
6064.0 9309.0 9309.0
6097.0 -9551.0 9551.0
6266.0 7651.0 7651.0
6321.0 -104.0 104.0
6321.0 104.0 104.0
6428.0 -8027.0 8027.0
6602.0 807.0 807.0
6705.0 3874.0 3874.0
6737.0 4474.0 4474.0
6748.0 5651.0 5651.0
6790.0 -476.0 476.0
7124.0 8318.0 8318.0
7391.0 -202.0 202.0
7448.0 5200.0 5200.0
7462.0 6633.0 6633.0
7531.0 4806.0 4806.0
7668.0 -677.0 677.0
7825.0 3221.0 3221.0
7833.0 8360.0 8360.0
7892.0 2451.0 2451.0
8009.0 7157.0 7157.0
8102.0 -1069.0 1069.0
8262.0 9420.0 9420.0
8300.0 -7954.0 7954.0
8317.0 2045.0 2045.0
8396.0 7572.0 7572.0
8402.0 -5230.0 5230.0
8419.0 -5565.0 5565.0
8570.0 -9763.0 9763.0
8570.0 9763.0 9763.0
8762.0 -5043.0 5043.0
8768.0 -7040.0 7040.0
8823.0 4485.0 4485.0
8896.0 6367.0 6367.0
8915.0 7450.0 7450.0
9022.0 9413.0 9413.0
9412.0 -5765.0 5765.0
9412.0 5765.0 5765.0
9490.0 8925.0 8925.0
9497.0 -2589.0 2589.0
9569.0 -8638.0 8638.0
9810.0 1599.0 1599.0
9905.0 7162.0 7162.0
9975.0 -3489.0 3489.0
121